  idx    bwx    bwy    wox    woy  atom          wix    wiy    bk    wk    mtb    bx    by    regs    smem    latency
-----  -----  -----  -----  -----  ----------  -----  -----  ----  ----  -----  ----  ----  ------  ------  ---------
   14      2      2      1      1  custom_4x8      4      4     8     1      6    32    64      80    6144      0.034
   13      2      2      1      1  row_4x8         4      4     8     1      6    32    64      80    6144      0.036
    8      2      2      1      1  custom_4x8      4      4     4     1      6    32    64      80    3072      0.038
    7      2      2      1      1  row_4x8         4      4     4     1      6    32    64      80    3072      0.038
   15      2      2      1      1  row_2x16        4      4     8     1      5    16   128      88    9216      0.038
   97      1      1      3      1  custom_4x8      4      4     4     1     16    48    32     128    2560      0.039
    3      1      2      1      1  custom_4x8      4      4     4     1     12    16    64      80    2560      0.039
    2      1      2      1      1  row_4x8         4      4     4     1     12    16    64      80    2560      0.039
   17      2      4      1      1  custom_4x8      4      4     8     1      3    32   128      80   10240      0.039
   33      2      2      1      2  custom_4x8      4      4     8     1      4    32   128     104   10240      0.040
   29      2      2      1      2  custom_4x8      4      4     4     1      4    32   128     104    5120      0.040
   58      2      2      2      1  row_2x16        4      4     8     1      4    32   128     104   10240      0.040
    6      2      1      1      1  row_2x16        4      4     4     1     12    16    64      80    2560      0.040
   98      1      1      3      1  row_2x16        4      4     4     1     16    24    64     128    2816      0.040
   16      2      4      1      1  row_4x8         4      4     8     1      3    32   128      80   10240      0.041
   20      4      2      1      1  row_2x16        4      4     8     1      3    32   128      80   10240      0.041
   32      2      2      1      2  row_4x8         4      4     8     1      4    32   128     104   10240      0.041
   50      2      2      2      1  row_2x16        4      4     4     1      4    32   128     104    5120      0.041
   96      1      1      3      1  row_4x8         4      4     4     1     16    48    32     128    2560      0.041
   28      2      2      1      2  row_4x8         4      4     4     1      4    32   128     104    5120      0.041
   34      2      4      1      2  row_4x8         4      4     8     1      2    32   256     104   18432      0.041
   60      2      4      2      1  custom_4x8      4      4     8     1      2    64   128     104   12288      0.041
   36      4      2      1      2  row_4x8         4      4     8     1      2    64   128     104   12288      0.041
   37      4      2      1      2  custom_4x8      4      4     8     1      2    64   128     104   12288      0.042
   43      1      2      2      1  custom_4x8      4      4     4     1      9    32    64     104    3072      0.042
   42      1      2      2      1  row_4x8         4      4     4     1      9    32    64     104    3072      0.042
   59      2      4      2      1  row_4x8         4      4     8     1      2    64   128     104   12288      0.042
   25      2      1      1      2  row_4x8         4      4     4     1      9    32    64     104    3072      0.042
    1      1      1      1      1  custom_4x8      4      4     4     1     25    16    32      80    1536      0.042
   26      2      1      1      2  custom_4x8      4      4     4     1      9    32    64     104    3072      0.042
   49      2      2      2      1  custom_4x8      4      4     4     1      5    64    64      96    4096      0.042
   64      4      2      2      1  row_2x16        4      4     8     1      2    64   128     104   12288      0.042
   19      4      2      1      1  custom_4x8      4      4     8     1      3    64    64      80    8192      0.043
   35      2      4      1      2  custom_4x8      4      4     8     1      2    32   256     104   18432      0.043
   52      2      4      2      1  custom_4x8      4      4     4     1      2    64   128      96    6144      0.043
   46      2      1      2      1  custom_4x8      4      4     4     1      9    64    32     104    3072      0.043
   47      2      1      2      1  row_2x16        4      4     4     1      9    32    64     104    3072      0.043
   51      2      4      2      1  row_4x8         4      4     4     1      2    64   128      96    6144      0.043
   31      4      2      1      2  custom_4x8      4      4     4     1      2    64   128      96    6144      0.043
   48      2      2      2      1  row_4x8         4      4     4     1      5    64    64      96    4096      0.043
   38      4      2      1      2  row_2x16        4      4     8     1      2    32   256     104   18432      0.043
   61      2      4      2      1  row_2x16        4      4     8     1      2    32   256     104   18432      0.043
   53      4      2      2      1  row_4x8         4      4     4     1      2   128    64      96    6144      0.043
   18      4      2      1      1  row_4x8         4      4     8     1      3    64    64      80    8192      0.043
   30      4      2      1      2  row_4x8         4      4     4     1      2    64   128      96    6144      0.044
   57      2      2      2      1  custom_4x8      4      4     8     1      4    64    64     104    8192      0.044
   55      4      2      2      1  row_2x16        4      4     4     1      2    64   128      96    6144      0.044
   56      2      2      2      1  row_4x8         4      4     8     1      4    64    64     104    8192      0.044
   63      4      2      2      1  custom_4x8      4      4     8     1      2   128    64     104   12288      0.044
   54      4      2      2      1  custom_4x8      4      4     4     1      2   128    64      96    6144      0.044
   40      1      1      2      1  custom_4x8      4      4     4     1     19    32    32     104    2048      0.044
   23      1      2      1      2  row_4x8         4      4     4     1      9    16   128     104    4608      0.044
   73      2      2      2      2  custom_4x8      4      4     4     1      3    64   128     136    6144      0.044
   12      2      1      1      1  custom_4x8      4      4     8     1     12    32    32      80    4096      0.044
   62      4      2      2      1  row_4x8         4      4     8     1      2   128    64     104   12288      0.044
   45      2      1      2      1  row_4x8         4      4     4     1      9    64    32     104    3072      0.044
   24      1      2      1      2  custom_4x8      4      4     4     1      9    16   128     104    4608      0.045
   39      1      1      2      1  row_4x8         4      4     4     1     19    32    32     104    2048      0.045
   44      1      2      2      1  row_2x16        4      4     4     1      9    16   128     104    4608      0.045
   66      1      1      2      2  custom_4x8      4      4     4     1     14    32    64     144    3072      0.045
   10      4      2      1      1  custom_4x8      4      4     4     1      3    64    64      80    4096      0.045
    0      1      1      1      1  row_4x8         4      4     4     1     25    16    32      80    1536      0.045
   22      1      1      1      2  custom_4x8      4      4     4     1     19    16    64     104    2560      0.045
   27      2      1      1      2  row_2x16        4      4     4     1      9    16   128     104    4608      0.045
   41      1      1      2      1  row_2x16        4      4     4     1     19    16    64     104    2560      0.045
   72      2      2      2      2  row_4x8         4      4     4     1      3    64   128     136    6144      0.045
    5      2      1      1      1  custom_4x8      4      4     4     1     12    32    32      80    2048      0.045
    9      4      2      1      1  row_4x8         4      4     4     1      3    64    64      80    4096      0.046
    4      2      1      1      1  row_4x8         4      4     4     1     12    32    32      80    2048      0.046
   74      2      2      2      2  row_2x16        4      4     4     1      3    32   256     144    9216      0.046
   21      1      1      1      2  row_4x8         4      4     4     1     19    16    64     104    2560      0.046
   11      2      1      1      1  row_4x8         4      4     8     1     12    32    32      80    4096      0.047
   65      1      1      2      2  row_4x8         4      4     4     1     14    32    64     144    3072      0.048
   91      2      2      1      3  custom_4x8      4      4     4     1      4    32   192     120    7168      0.055
  104      2      2      3      1  row_4x8         4      4     4     1      4    96    64     120    5120      0.055
   88      2      1      1      3  row_4x8         4      4     4     1      8    32    96     120    4096      0.056
  100      1      2      3      1  custom_4x8      4      4     4     1      8    48    64     120    3584      0.056
   90      2      2      1      3  row_4x8         4      4     4     1      4    32   192     120    7168      0.056
  103      2      1      3      1  row_2x16        4      4     4     1      8    48    64     120    3584      0.056
  105      2      2      3      1  custom_4x8      4      4     4     1      4    96    64     120    5120      0.056
  120      2      1      2      3  row_4x8         4      4     4     1      5    64    96     176    5120      0.056
  121      2      1      2      3  custom_4x8      4      4     4     1      5    64    96     176    5120      0.056
   93      4      2      1      3  custom_4x8      4      4     4     1      2    64   192     120    8192      0.057
   95      4      2      1      3  custom_4x8      4      4     8     1      2    64   192     120   16384      0.057
   99      1      2      3      1  row_4x8         4      4     4     1      8    48    64     120    3584      0.057
  141      1      2      3      2  custom_4x8      4      4     4     1      5    48   128     176    5632      0.057
   94      4      2      1      3  row_4x8         4      4     8     1      2    64   192     120   16384      0.057
  140      1      2      3      2  row_4x8         4      4     4     1      5    48   128     176    5632      0.057
  125      2      2      2      3  row_2x16        4      4     4     1      2    32   384     184   13312      0.057
  112      2      4      3      1  custom_4x8      4      4     8     1      2    96   128     120   14336      0.057
  138      1      1      3      2  row_4x8         4      4     4     1     11    48    64     184    3584      0.058
   92      4      2      1      3  row_4x8         4      4     4     1      2    64   192     120    8192      0.058
   89      2      1      1      3  custom_4x8      4      4     4     1      8    32    96     120    4096      0.058
  144      2      1      3      2  row_2x16        4      4     4     1      5    48   128     176    5632      0.058
  101      2      1      3      1  row_4x8         4      4     4     1      8    96    32     120    4096      0.059
  116      1      1      2      3  row_4x8         4      4     4     1     11    32    96     184    4096      0.059
  117      1      1      2      3  custom_4x8      4      4     4     1     11    32    96     184    4096      0.059
  111      2      4      3      1  row_4x8         4      4     8     1      2    96   128     120   14336      0.059
  145      2      2      3      2  row_4x8         4      4     4     1      2    96   128     176    7168      0.059
  115      4      2      3      1  row_2x16        4      4     8     1      2    96   128     120   14336      0.059
  124      2      2      2      3  custom_4x8      4      4     4     1      2    64   192     176    8192      0.059
  146      2      2      3      2  custom_4x8      4      4     4     1      2    96   128     176    7168      0.059
  107      4      2      3      1  custom_4x8      4      4     4     1      2   192    64     120    8192      0.060
  102      2      1      3      1  custom_4x8      4      4     4     1      8    96    32     120    4096      0.060
  106      4      2      3      1  row_4x8         4      4     4     1      2   192    64     120    8192      0.061
  123      2      2      2      3  row_4x8         4      4     4     1      2    64   192     176    8192      0.061
  139      1      1      3      2  custom_4x8      4      4     4     1     11    48    64     184    3584      0.062
  142      2      1      3      2  row_4x8         4      4     4     1      5    96    64     176    5120      0.062
   84      2      4      2      2  row_2x16        4      4     8     1      1    32   512     152   34816      0.063
  122      2      1      2      3  row_2x16        4      4     4     1      5    32   192     184    7168      0.063
   83      2      4      2      2  custom_4x8      4      4     8     1      1    64   256     144   20480      0.064
  119      1      2      2      3  custom_4x8      4      4     4     1      5    32   192     184    7168      0.064
  143      2      1      3      2  custom_4x8      4      4     4     1      5    96    64     176    5120      0.064
   82      2      4      2      2  row_4x8         4      4     8     1      1    64   256     144   20480      0.064
  118      1      2      2      3  row_4x8         4      4     4     1      5    32   192     184    7168      0.065
   68      1      2      2      2  custom_4x8      4      4     4     1      7    32   128     144    5120      0.065
   67      1      2      2      2  row_4x8         4      4     4     1      7    32   128     144    5120      0.065
   85      4      2      2      2  row_4x8         4      4     8     1      1   128   128     136   16384      0.066
   87      4      2      2      2  row_2x16        4      4     8     1      1    64   256     144   20480      0.066
   78      4      2      2      2  custom_4x8      4      4     4     1      1   128   128     136    8192      0.066
   77      4      2      2      2  row_4x8         4      4     4     1      1   128   128     136    8192      0.067
   86      4      2      2      2  custom_4x8      4      4     8     1      1   128   128     136   16384      0.067
   76      2      4      2      2  custom_4x8      4      4     4     1      1    64   256     136   10240      0.068
   69      2      1      2      2  row_4x8         4      4     4     1      7    64    64     136    4096      0.069
   75      2      4      2      2  row_4x8         4      4     4     1      1    64   256     136   10240      0.069
   71      2      1      2      2  row_2x16        4      4     4     1      7    32   128     144    5120      0.069
   70      2      1      2      2  custom_4x8      4      4     4     1      7    64    64     136    4096      0.070
   79      4      2      2      2  row_2x16        4      4     4     1      1    64   256     136   10240      0.070
  162      2      1      3      3  custom_4x8      4      4     4     1      4    96    96     232    6144      0.076
  161      2      1      3      3  row_4x8         4      4     4     1      4    96    96     232    6144      0.078
  158      1      1      3      3  custom_4x8      4      4     4     1      8    48    96     240    4608      0.079
  160      1      2      3      3  custom_4x8      4      4     4     1      4    48   192     232    7680      0.079
  159      1      2      3      3  row_4x8         4      4     4     1      4    48   192     232    7680      0.080
  163      2      1      3      3  row_2x16        4      4     4     1      4    48   192     232    7680      0.081
  157      1      1      3      3  row_4x8         4      4     4     1      8    48    96     240    4608      0.082
  165      2      2      3      3  custom_4x8      4      4     4     1      2    96   192     232    9216      0.087
  164      2      2      3      3  row_4x8         4      4     4     1      2    96   192     232    9216      0.087
  126      2      4      2      3  row_4x8         4      4     4     1      1    64   384     176   14336      0.088
  127      2      4      2      3  custom_4x8      4      4     4     1      1    64   384     176   14336      0.090
  130      4      2      2      3  row_2x16        4      4     4     1      1    64   384     176   14336      0.090
  128      4      2      2      3  row_4x8         4      4     4     1      1   128   192     176   10240      0.092
  129      4      2      2      3  custom_4x8      4      4     4     1      1   128   192     176   10240      0.094
  148      4      2      3      2  custom_4x8      4      4     4     1      1   192   128     176   10240      0.094
  147      4      2      3      2  row_4x8         4      4     4     1      1   192   128     176   10240      0.095
  151      2      2      3      2  row_2x16        4      4     8     1      2    48   256     184   19456      0.113
   80      2      2      2      2  row_4x8         4      4     8     1      3    64   128     144   12288      0.118
   81      2      2      2      2  custom_4x8      4      4     8     1      3    64   128     144   12288      0.120
  110      2      2      3      1  row_2x16        4      4     8     1      4    48   128     128   11264      0.125
  166      4      2      3      3  row_4x8         4      4     4     1      1   192   192     224   12288      0.136
  167      4      2      3      3  custom_4x8      4      4     4     1      1   192   192     224   12288      0.136
  169      2      1      3      3  custom_4x8      4      4     8     1      4    96    96     240   12288      0.143
  149      2      2      3      2  row_4x8         4      4     8     1      2    96   128     184   14336      0.146
  150      2      2      3      2  custom_4x8      4      4     8     1      2    96   128     184   14336      0.146
  168      2      1      3      3  row_4x8         4      4     8     1      4    96    96     240   12288      0.146
  132      2      2      2      3  custom_4x8      4      4     8     1      2    64   192     184   16384      0.151
  131      2      2      2      3  row_4x8         4      4     8     1      2    64   192     184   16384      0.152
  134      2      4      2      3  custom_4x8      4      4     8     1      1    64   384     184   28672      0.176
  153      2      4      3      2  custom_4x8      4      4     8     1      1    96   256     176   22528      0.178
  109      2      2      3      1  custom_4x8      4      4     8     1      4    96    64     128   10240      0.179
  108      2      2      3      1  row_4x8         4      4     8     1      4    96    64     128   10240      0.181
  136      4      2      2      3  custom_4x8      4      4     8     1      1   128   192     176   20480      0.181
  137      4      2      2      3  row_2x16        4      4     8     1      1    64   384     184   28672      0.181
  133      2      4      2      3  row_4x8         4      4     8     1      1    64   384     184   28672      0.182
  155      4      2      3      2  custom_4x8      4      4     8     1      1   192   128     176   20480      0.182
  152      2      4      3      2  row_4x8         4      4     8     1      1    96   256     176   22528      0.182
  171      2      2      3      3  custom_4x8      4      4     8     1      2    96   192     240   18432      0.183
  156      4      2      3      2  row_2x16        4      4     8     1      1    96   256     176   22528      0.183
  170      2      2      3      3  row_4x8         4      4     8     1      2    96   192     240   18432      0.184
  154      4      2      3      2  row_4x8         4      4     8     1      1   192   128     176   20480      0.188
  135      4      2      2      3  row_4x8         4      4     8     1      1   128   192     176   20480      0.188
  114      4      2      3      1  custom_4x8      4      4     8     1      2   192    64     120   16384      0.219
  113      4      2      3      1  row_4x8         4      4     8     1      2   192    64     120   16384      0.219
  173      2      4      3      3  custom_4x8      4      4     8     1      1    96   384     232   30720      0.224
  176      4      2      3      3  row_2x16        4      4     8     1      1    96   384     232   30720      0.229
  172      2      4      3      3  row_4x8         4      4     8     1      1    96   384     232   30720      0.230
  175      4      2      3      3  custom_4x8      4      4     8     1      1   192   192     232   24576      0.237
  174      4      2      3      3  row_4x8         4      4     8     1      1   192   192     232   24576      0.241